NHL Goal Light IR: sendir,2:1,1,40192,1,1,42,159,156,79,156,79,124,2,1,108,17,5144
sendir,2:1,2,40064,1,1,72,79,158,79,157,79,79,2003,117,41,79,158,157,79,157,79,156,79,78,2003,118,41,78,159,158,80,159,80,158,79,80,5128
sendir,2:1,3,39184,1,1,21,3,1,12,9,30,7,14,1,3,1,6,1,3,39,78,156,78,157,78,79,1958,118,40,78,155,158,78,158,78,159,78,80,1959,119,39,78,155,157,78,157,78,158,78,78,5015


Pioneer VSX-520
Power Toggle: sendir,2:1,1,39936,1,1,341,170,22,63,22,21,22,63,22,21,22,21,22,63,22,21,22,63,22,21,22,63,22,21,22,63,22,63,22,21,22,63,22,21,22,21,22,21,22,63,22,63,22,63,22,21,22,21,22,21,22,63,22,63,22,21,22,21,22,21,22,63,22,63,22,63,22,1025,341,170,22,63,22,21,22,63,22,21,22,21,22,63,22,21,22,63,22,21,22,63,22,21,22,63,22,63,22,21,22,63,22,21,22,21,22,21,22,63,22,63,22,63,22,21,22,21,22,21,22,63,22,63,22,21,22,21,22,21,22,63,22,63,22,63,22,1025,341,170,22,63,22,21,22,63,22,21,22,21,22,63,22,21,22,63,22,21,22,63,22,21,22,63,22,63,22,21,22,63,22,21,22,21,22,21,22,63,22,63,22,63,22,21,22,21,22,21,22,63,22,63,22,21,22,21,22,21,22,63,22,63,22,63,22,5111

Volume Up: 
sendir,2:1,1,39808,1,1,22,208,109,169,22,63,22,21,22,63,22,21,22,21,22,63,22,21,22,63,22,21,22,63,22,21,22,63,22,63,22,21,22,63,22,21,22,21,22,63,22,21,22,63,22,21,22,21,22,21,22,21,22,63,22,21,22,63,22,21,22,63,22,63,22,63,22,63,22,5095

Volume Down: sendir,2:1,1,39936,1,1,22,63,22,21,22,63,22,21,22,63,22,63,22,21,22,63,22,21,22,21,22,21,22,21,22,21,22,21,22,63,22,21,22,63,22,63,22,63,22,63,22,1025,341,170,22,63,22,21,22,63,22,21,22,21,22,63,22,21,22,63,22,21,22,63,22,21,22,63,22,63,22,21,22,63,22,21,22,63,22,63,22,21,22,63,22,21,22,21,22,21,22,21,22,21,22,21,22,63,22,21,22,63,22,63,22,63,22,63,22,5111
sendir,2:1,2,39936,1,1,21,170,22,63,6,5111
sendir,2:1,3,39808,1,1,9,34,22,21,22,63,22,21,22,63,22,21,22,63,22,21,22,63,22,63,22,21,22,63,22,21,22,63,22,63,22,21,22,63,22,21,22,21,22,21,22,21,22,21,22,21,22,63,11,5095

BD Button: sendir,2:1,1,39936,1,1,22,63,22,63,22,63,22,63,22,63,22,21,22,21,22,5111
sendir,2:1,2,40064,1,1,21,170,22,63,22,21,22,63,22,21,22,21,12,5128=
